       4.052        1.798       -0.002
       8.088        9.444        0.002
       5.843       20.412        0.004
      -4.660       30.883       -0.001
     -23.554       35.989        0.003
     -48.180       30.299        0.004
     -73.229        9.748        0.003
     -90.606      -27.797       -0.010
     -90.584      -80.753       -0.019
     -62.380     -142.397        0.000
       3.301     -199.676       -0.002
     111.324     -232.669       -0.112
     257.455     -214.313       -0.122
     422.408     -114.359       -0.037
     567.032       94.601       -0.232
     628.851      425.688       -0.088
     523.096      861.555        5.440
      65.796     1398.847       10.030
    -236.188     1814.218        9.994
      -1.831       28.075        0.003
      -3.626        2.556        0.001
     -12.152        2.248        0.004
     -20.571       -5.101       -0.007
     -24.478      -19.521       -0.001
     -19.370      -38.417        0.005
      -2.245      -56.877       -0.005
      28.211      -68.264        0.006
      69.276      -64.495        0.006
     115.201      -38.105        0.003
     154.503       17.091       -0.012
     171.306      102.749        0.005
     145.956      212.634        0.008
      57.228      330.170        0.023
    -111.753      423.123        5.473
    -365.237      443.832        5.472
    -683.019      331.954        9.925
   -1007.692       22.612        9.694
   -1233.287     -532.519        9.929
   -1203.442    -1314.658        9.866
     -23.409      -15.635       -0.015
      -0.455       -4.366        0.004
       4.023      -11.688        0.008
      14.689      -15.310        0.003
      29.097      -11.404       -0.006
      42.901        2.416       -0.003
      49.788       22.208        0.003
      44.973       58.494       -0.002
      21.278       92.393       -0.006
     -24.581      118.787        0.003
     -92.185      125.235        1.986
    -174.686       96.951        1.962
    -257.143       19.786        1.983
    -314.411     -115.657        1.968
    -310.206     -308.568        1.965
    -201.612     -538.394        1.778
      54.277     -757.439       -0.357
     484.575     -883.681        5.255
     801.866     -871.843        9.753
    1740.087     -383.930        0.332
      25.217      -12.456        0.007
