     0.000      0.000      0.000
    -0.022      7.988      0.000
    -6.426     19.456      0.000
   -21.025     28.661      0.000
   -44.371     31.799      0.000
   -79.806     -0.535      0.100
   -92.243    -67.981      0.000
   -49.823   -156.924      0.000
    75.111   -226.202      0.000
   283.605   -203.226      0.000
   517.111      3.454      0.000
   624.882    459.903      0.000
   356.229   1120.404      5.500
  -286.460   1817.530     10.000
    -6.884     -4.112      0.000
   -13.559    -15.394      0.000
   -14.214    -32.499      0.000
    -5.365    -54.364      0.000
    40.334    -68.776      0.000
   105.005    -45.994      0.000
   160.745     35.210      0.000
   158.353    178.005      0.000
    34.311    347.220      0.000
  -261.386    446.416      5.500
  -710.941    311.107     10.000
 -1148.753   -251.691     10.000
 -1194.157  -1342.201     10.000
     6.966     -3.990      0.000
    20.100     -4.200      0.000
    35.379      3.976      0.000
    50.088     26.883      0.000
    39.461     69.250      0.000
   -12.702    113.930      0.000
  -110.987    121.621      2.000
  -233.431     47.856      2.000
  -317.836   -143.928      2.000
  -255.740   -449.563      2.000
    86.093   -771.081      0.000
   792.346   -868.716     10.000
  1759.184   -362.106     -0.100

